1988,10,14,3,741,730,912,849,PS,1451,NA,91,79,NA,23,11,SAN,SFO,447,NA,NA,0,NA,0,NA,NA,NA,NA,NA
1987,10,14,3,741,730,912,849,PS,1451,NA,91,79,NA,23,11,SAN,SFO,447,NA,NA,0,NA,0,NA,NA,NA,NA,NA
1987,10,15,4,729,730,903,849,PS,1451,NA,94,79,NA,14,-1,SAN,SFO,447,NA,NA,0,NA,0,NA,NA,NA,NA,NA
1987,10,17,6,741,730,918,849,PS,1451,NA,97,79,NA,29,11,SAN,SFO,447,NA,NA,0,NA,0,NA,NA,NA,NA,NA
1987,10,18,7,729,730,847,849,PS,1451,NA,78,79,NA,-2,-1,SAN,SFO,447,NA,NA,0,NA,0,NA,NA,NA,NA,NA
1987,10,19,1,749,730,922,849,PS,1451,NA,93,79,NA,33,19,SAN,SFO,447,NA,NA,0,NA,0,NA,NA,NA,NA,NA
1987,10,21,3,728,730,848,849,PS,1451,NA,80,79,NA,-1,-2,SAN,SFO,447,NA,NA,0,NA,0,NA,NA,NA,NA,NA
1987,10,22,4,728,730,852,849,PS,1451,NA,84,79,NA,3,-2,SAN,SFO,447,NA,NA,0,NA,0,NA,NA,NA,NA,NA
1987,10,23,5,731,730,902,849,PS,1451,NA,91,79,NA,13,1,SAN,SFO,447,NA,NA,0,NA,0,NA,NA,NA,NA,NA
1987,10,24,6,744,730,908,849,PS,1451,NA,84,79,NA,19,14,SAN,SFO,447,NA,NA,0,NA,0,NA,NA,NA,NA,NA
1987,10,25,7,729,730,851,849,PS,1451,NA,82,79,NA,2,-1,SAN,SFO,447,NA,NA,0,NA,0,NA,NA,NA,NA,NA
1987,10,26,1,735,730,904,849,PS,1451,NA,89,79,NA,15,5,SAN,SFO,447,NA,NA,0,NA,0,NA,NA,NA,NA,NA
1987,10,28,3,741,725,919,855,PS,1451,NA,98,90,NA,24,16,SAN,SFO,447,NA,NA,0,NA,0,NA,NA,NA,NA,NA
1987,10,31,6,945,925,1040,1015,PS,1451,NA,55,50,NA,25,20,SFO,RNO,192,NA,NA,0,NA,0,NA,NA,NA,NA,NA
1987,10,1,4,1520,1505,1624,1608,PS,1453,NA,64,63,NA,16,15,BUR,OAK,325,NA,NA,0,NA,0,NA,NA,NA,NA,NA
1987,10,2,5,1508,1505,1615,1608,PS,1453,NA,67,63,NA,7,3,BUR,OAK,325,NA,NA,0,NA,0,NA,NA,NA,NA,NA
1987,10,4,7,1526,1505,1625,1608,PS,1453,NA,59,63,NA,17,21,BUR,OAK,325,NA,NA,0,NA,0,NA,NA,NA,NA,NA
1987,10,5,1,1504,1505,1602,1608,PS,1453,NA,58,63,NA,-6,-1,BUR,OAK,325,NA,NA,0,NA,0,NA,NA,NA,NA,NA
1987,10,6,2,1505,1505,1607,1608,PS,1453,NA,62,63,NA,-1,0,BUR,OAK,325,NA,NA,0,NA,0,NA,NA,NA,NA,NA
1987,10,7,3,1512,1505,1614,1608,PS,1453,NA,62,63,NA,6,7,BUR,OAK,325,NA,NA,0,NA,0,NA,NA,NA,NA,NA
1987,10,8,4,1528,1505,1636,1608,PS,1453,NA,68,63,NA,28,23,BUR,OAK,325,NA,NA,0,NA,0,NA,NA,NA,NA,NA
1987,10,9,5,1606,1505,1708,1608,PS,1453,NA,62,63,NA,60,61,BUR,OAK,325,NA,NA,0,NA,0,NA,NA,NA,NA,NA
1987,10,11,7,1505,1505,1602,1608,PS,1453,NA,57,63,NA,-6,0,BUR,OAK,325,NA,NA,0,NA,0,NA,NA,NA,NA,NA
1987,10,12,1,NA,1505,NA,1608,PS,1453,NA,NA,63,NA,NA,NA,BUR,OAK,325,NA,NA,1,NA,0,NA,NA,NA,NA,NA
1987,10,13,2,1533,1505,1640,1608,PS,1453,NA,67,63,NA,32,28,BUR,OAK,325,NA,NA,0,NA,0,NA,NA,NA,NA,NA
1987,10,14,3,1528,1505,1639,1608,PS,1453,NA,71,63,NA,31,23,BUR,OAK,325,NA,NA,0,NA,0,NA,NA,NA,NA,NA
1987,10,15,4,1543,1505,1645,1608,PS,1453,NA,62,63,NA,37,38,BUR,OAK,325,NA,NA,0,NA,0,NA,NA,NA,NA,NA
1987,10,16,5,1521,1505,1626,1608,PS,1453,NA,65,63,NA,18,16,BUR,OAK,325,NA,NA,0,NA,0,NA,NA,NA,NA,NA
1987,10,19,1,1513,1505,1617,1608,PS,1453,NA,64,63,NA,9,8,BUR,OAK,325,NA,NA,0,NA,0,NA,NA,NA,NA,NA
1987,10,20,2,1551,1505,1646,1608,PS,1453,NA,55,63,NA,38,46,BUR,OAK,325,NA,NA,0,NA,0,NA,NA,NA,NA,NA
1987,10,21,3,1504,1505,1620,1608,PS,1453,NA,76,63,NA,12,-1,BUR,OAK,325,NA,NA,0,NA,0,NA,NA,NA,NA,NA
1987,10,22,4,1518,1505,1623,1608,PS,1453,NA,65,63,NA,15,13,BUR,OAK,325,NA,NA,0,NA,0,NA,NA,NA,NA,NA
1987,10,23,5,1558,1505,1717,1608,PS,1453,NA,79,63,NA,69,53,BUR,OAK,325,NA,NA,0,NA,0,NA,NA,NA,NA,NA
1987,10,25,7,1531,1505,1635,1608,PS,1453,NA,64,63,NA,27,26,BUR,OAK,325,NA,NA,0,NA,0,NA,NA,NA,NA,NA
1987,10,26,1,1508,1505,1614,1608,PS,1453,NA,66,63,NA,6,3,BUR,OAK,325,NA,NA,0,NA,0,NA,NA,NA,NA,NA
1987,10,27,2,1531,1505,1627,1608,PS,1453,NA,56,63,NA,19,26,BUR,OAK,325,NA,NA,0,NA,0,NA,NA,NA,NA,NA
1987,10,28,3,1550,1550,1706,1657,PS,1453,NA,76,67,NA,9,0,BUR,OAK,325,NA,NA,0,NA,0,NA,NA,NA,NA,NA
1987,10,29,4,1550,1550,1700,1657,PS,1453,NA,70,67,NA,3,0,BUR,OAK,325,NA,NA,0,NA,0,NA,NA,NA,NA,NA
1987,10,30,5,1556,1550,1706,1657,PS,1453,NA,70,67,NA,9,6,BUR,OAK,325,NA,NA,0,NA,0,NA,NA,NA,NA,NA
1987,10,1,4,1643,1635,1750,1732,PS,1454,NA,67,57,NA,18,8,OAK,BUR,325,NA,NA,0,NA,0,NA,NA,NA,NA,NA
1987,10,2,5,1635,1635,1737,1732,PS,1454,NA,62,57,NA,5,0,OAK,BUR,325,NA,NA,0,NA,0,NA,NA,NA,NA,NA
1987,10,3,6,1634,1635,1748,1732,PS,1454,NA,74,57,NA,16,-1,OAK,BUR,325,NA,NA,0,NA,0,NA,NA,NA,NA,NA
1987,10,4,7,1646,1635,1750,1732,PS,1454,NA,64,57,NA,18,11,OAK,BUR,325,NA,NA,0,NA,0,NA,NA,NA,NA,NA
1987,10,5,1,1634,1635,1736,1732,PS,1454,NA,62,57,NA,4,-1,OAK,BUR,325,NA,NA,0,NA,0,NA,NA,NA,NA,NA
1987,10,6,2,1634,1635,1735,1732,PS,1454,NA,61,57,NA,3,-1,OAK,BUR,325,NA,NA,0,NA,0,NA,NA,NA,NA,NA
1987,10,7,3,1634,1635,1730,1732,PS,1454,NA,56,57,NA,-2,-1,OAK,BUR,325,NA,NA,0,NA,0,NA,NA,NA,NA,NA
1987,10,8,4,1654,1635,1755,1732,PS,1454,NA,61,57,NA,23,19,OAK,BUR,325,NA,NA,0,NA,0,NA,NA,NA,NA,NA
1987,10,9,5,1731,1635,1831,1732,PS,1454,NA,60,57,NA,59,56,OAK,BUR,325,NA,NA,0,NA,0,NA,NA,NA,NA,NA
1987,10,10,6,1635,1635,1740,1732,PS,1454,NA,65,57,NA,8,0,OAK,BUR,325,NA,NA,0,NA,0,NA,NA,NA,NA,NA
1987,10,11,7,1634,1635,1740,1732,PS,1454,NA,66,57,NA,8,-1,OAK,BUR,325,NA,NA,0,NA,0,NA,NA,NA,NA,NA
1987,10,12,1,NA,1635,NA,1732,PS,1454,NA,NA,57,NA,NA,NA,OAK,BUR,325,NA,NA,1,NA,0,NA,NA,NA,NA,NA
1987,10,13,2,1656,1635,1758,1732,PS,1454,NA,62,57,NA,26,21,OAK,BUR,325,NA,NA,0,NA,0,NA,NA,NA,NA,NA
1987,10,14,3,1652,1635,1750,1732,PS,1454,NA,58,57,NA,18,17,OAK,BUR,325,NA,NA,0,NA,0,NA,NA,NA,NA,NA
1987,10,15,4,1701,1635,1805,1732,PS,1454,NA,64,57,NA,33,26,OAK,BUR,325,NA,NA,0,NA,0,NA,NA,NA,NA,NA
1987,10,16,5,1647,1635,1746,1732,PS,1454,NA,59,57,NA,14,12,OAK,BUR,325,NA,NA,0,NA,0,NA,NA,NA,NA,NA
1987,10,17,6,1634,1635,1743,1732,PS,1454,NA,69,57,NA,11,-1,OAK,BUR,325,NA,NA,0,NA,0,NA,NA,NA,NA,NA
1987,10,19,1,1635,1635,1735,1732,PS,1454,NA,60,57,NA,3,0,OAK,BUR,325,NA,NA,0,NA,0,NA,NA,NA,NA,NA
1987,10,20,2,1705,1635,1808,1732,PS,1454,NA,63,57,NA,36,30,OAK,BUR,325,NA,NA,0,NA,0,NA,NA,NA,NA,NA
1987,10,21,3,1638,1635,1742,1732,PS,1454,NA,64,57,NA,10,3,OAK,BUR,325,NA,NA,0,NA,0,NA,NA,NA,NA,NA
1987,10,22,4,1640,1635,1744,1732,PS,1454,NA,64,57,NA,12,5,OAK,BUR,325,NA,NA,0,NA,0,NA,NA,NA,NA,NA
1987,10,23,5,1743,1635,1845,1732,PS,1454,NA,62,57,NA,73,68,OAK,BUR,325,NA,NA,0,NA,0,NA,NA,NA,NA,NA
1987,10,24,6,1634,1635,1745,1732,PS,1454,NA,71,57,NA,13,-1,OAK,BUR,325,NA,NA,0,NA,0,NA,NA,NA,NA,NA
1987,10,25,7,1657,1635,1804,1732,PS,1454,NA,67,57,NA,32,22,OAK,BUR,325,NA,NA,0,NA,0,NA,NA,NA,NA,NA
1987,10,26,1,1634,1635,1736,1732,PS,1454,NA,62,57,NA,4,-1,OAK,BUR,325,NA,NA,0,NA,0,NA,NA,NA,NA,NA
1987,10,27,2,1644,1635,1746,1732,PS,1454,NA,62,57,NA,14,9,OAK,BUR,325,NA,NA,0,NA,0,NA,NA,NA,NA,NA
1987,10,31,6,721,700,828,809,PS,1455,NA,67,69,NA,19,21,BUR,OAK,325,NA,NA,0,NA,0,NA,NA,NA,NA,NA
1987,10,1,4,851,830,1008,937,PS,1457,NA,77,67,NA,31,21,LAX,SFO,337,NA,NA,0,NA,0,NA,NA,NA,NA,NA
1987,10,2,5,831,830,948,937,PS,1457,NA,77,67,NA,11,1,LAX,SFO,337,NA,NA,0,NA,0,NA,NA,NA,NA,NA
1987,10,5,1,833,830,932,937,PS,1457,NA,59,67,NA,-5,3,LAX,SFO,337,NA,NA,0,NA,0,NA,NA,NA,NA,NA
1987,10,6,2,NA,830,NA,937,PS,1457,NA,NA,67,NA,NA,NA,LAX,SFO,337,NA,NA,1,NA,0,NA,NA,NA,NA,NA
1987,10,8,4,843,830,952,937,PS,1457,NA,69,67,NA,15,13,LAX,SFO,337,NA,NA,0,NA,0,NA,NA,NA,NA,NA
1987,10,13,2,834,830,955,937,PS,1457,NA,81,67,NA,18,4,LAX,SFO,337,NA,NA,0,NA,0,NA,NA,NA,NA,NA
1987,10,15,4,836,830,946,937,PS,1457,NA,70,67,NA,9,6,LAX,SFO,337,NA,NA,0,NA,0,NA,NA,NA,NA,NA
1987,10,16,5,840,830,1000,937,PS,1457,NA,80,67,NA,23,10,LAX,SFO,337,NA,NA,0,NA,0,NA,NA,NA,NA,NA
1987,10,19,1,844,830,952,937,PS,1457,NA,68,67,NA,15,14,LAX,SFO,337,NA,NA,0,NA,0,NA,NA,NA,NA,NA
1987,10,20,2,852,830,957,937,PS,1457,NA,65,67,NA,20,22,LAX,SFO,337,NA,NA,0,NA,0,NA,NA,NA,NA,NA
1987,10,22,4,831,830,939,937,PS,1457,NA,68,67,NA,2,1,LAX,SFO,337,NA,NA,0,NA,0,NA,NA,NA,NA,NA
1987,10,23,5,840,830,948,937,PS,1457,NA,68,67,NA,11,10,LAX,SFO,337,NA,NA,0,NA,0,NA,NA,NA,NA,NA
1987,10,26,1,831,830,933,937,PS,1457,NA,62,67,NA,-4,1,LAX,SFO,337,NA,NA,0,NA,0,NA,NA,NA,NA,NA
1987,10,27,2,832,830,936,937,PS,1457,NA,64,67,NA,-1,2,LAX,SFO,337,NA,NA,0,NA,0,NA,NA,NA,NA,NA
1987,10,29,4,837,830,958,940,PS,1457,NA,81,70,NA,18,7,LAX,SFO,337,NA,NA,0,NA,0,NA,NA,NA,NA,NA
1987,10,30,5,832,830,948,940,PS,1457,NA,76,70,NA,8,2,LAX,SFO,337,NA,NA,0,NA,0,NA,NA,NA,NA,NA
1987,10,1,4,659,650,834,800,PS,1457,NA,95,70,NA,34,9,PHX,LAX,370,NA,NA,0,NA,0,NA,NA,NA,NA,NA
1987,10,2,5,657,650,814,800,PS,1457,NA,77,70,NA,14,7,PHX,LAX,370,NA,NA,0,NA,0,NA,NA,NA,NA,NA
1987,10,3,6,651,650,830,800,PS,1457,NA,99,70,NA,30,1,PHX,LAX,370,NA,NA,0,NA,0,NA,NA,NA,NA,NA
1987,10,5,1,652,650,808,800,PS,1457,NA,76,70,NA,8,2,PHX,LAX,370,NA,NA,0,NA,0,NA,NA,NA,NA,NA
1987,10,6,2,701,650,851,800,PS,1457,NA,110,70,NA,51,11,PHX,LAX,370,NA,NA,0,NA,0,NA,NA,NA,NA,NA
1987,10,7,3,653,650,808,800,PS,1457,NA,75,70,NA,8,3,PHX,LAX,370,NA,NA,0,NA,0,NA,NA,NA,NA,NA
1987,10,8,4,657,650,826,800,PS,1457,NA,89,70,NA,26,7,PHX,LAX,370,NA,NA,0,NA,0,NA,NA,NA,NA,NA
1987,10,9,5,655,650,812,800,PS,1457,NA,77,70,NA,12,5,PHX,LAX,370,NA,NA,0,NA,0,NA,NA,NA,NA,NA
1987,10,10,6,655,650,815,800,PS,1457,NA,80,70,NA,15,5,PHX,LAX,370,NA,NA,0,NA,0,NA,NA,NA,NA,NA
1987,10,12,1,654,650,811,800,PS,1457,NA,77,70,NA,11,4,PHX,LAX,370,NA,NA,0,NA,0,NA,NA,NA,NA,NA
1987,10,13,2,652,650,814,800,PS,1457,NA,82,70,NA,14,2,PHX,LAX,370,NA,NA,0,NA,0,NA,NA,NA,NA,NA
1987,10,14,3,654,650,820,800,PS,1457,NA,86,70,NA,20,4,PHX,LAX,370,NA,NA,0,NA,0,NA,NA,NA,NA,NA
1987,10,15,4,654,650,810,800,PS,1457,NA,76,70,NA,10,4,PHX,LAX,370,NA,NA,0,NA,0,NA,NA,NA,NA,NA
1987,10,16,5,653,650,820,800,PS,1457,NA,87,70,NA,20,3,PHX,LAX,370,NA,NA,0,NA,0,NA,NA,NA,NA,NA
1987,10,17,6,655,650,810,800,PS,1457,NA,75,70,NA,10,5,PHX,LAX,370,NA,NA,0,NA,0,NA,NA,NA,NA,NA
1987,10,19,1,656,650,824,800,PS,1457,NA,88,70,NA,24,6,PHX,LAX,370,NA,NA,0,NA,0,NA,NA,NA,NA,NA
1987,10,20,2,651,650,826,800,PS,1457,NA,95,70,NA,26,1,PHX,LAX,370,NA,NA,0,NA,0,NA,NA,NA,NA,NA
1987,10,21,3,650,650,815,800,PS,1457,NA,85,70,NA,15,0,PHX,LAX,370,NA,NA,0,NA,0,NA,NA,NA,NA,NA
1987,10,22,4,655,650,811,800,PS,1457,NA,76,70,NA,11,5,PHX,LAX,370,NA,NA,0,NA,0,NA,NA,NA,NA,NA
1987,10,23,5,654,650,811,800,PS,1457,NA,77,70,NA,11,4,PHX,LAX,370,NA,NA,0,NA,0,NA,NA,NA,NA,NA
1987,10,24,6,652,650,808,800,PS,1457,NA,76,70,NA,8,2,PHX,LAX,370,NA,NA,0,NA,0,NA,NA,NA,NA,NA
1987,10,26,1,752,750,809,800,PS,1457,NA,77,70,NA,9,2,PHX,LAX,370,NA,NA,0,NA,0,NA,NA,NA,NA,NA
1987,10,27,2,750,750,815,800,PS,1457,NA,85,70,NA,15,0,PHX,LAX,370,NA,NA,0,NA,0,NA,NA,NA,NA,NA
1987,10,28,3,746,745,800,759,PS,1457,NA,74,74,NA,1,1,PHX,LAX,370,NA,NA,0,NA,0,NA,NA,NA,NA,NA
1987,10,29,4,745,745,804,759,PS,1457,NA,79,74,NA,5,0,PHX,LAX,370,NA,NA,0,NA,0,NA,NA,NA,NA,NA
1987,10,30,5,745,745,801,759,PS,1457,NA,76,74,NA,2,0,PHX,LAX,370,NA,NA,0,NA,0,NA,NA,NA,NA,NA
1987,10,1,4,934,930,1044,1035,PS,1459,NA,70,65,NA,9,4,LAX,SFO,337,NA,NA,0,NA,0,NA,NA,NA,NA,NA
1987,10,2,5,930,930,1038,1035,PS,1459,NA,68,65,NA,3,0,LAX,SFO,337,NA,NA,0,NA,0,NA,NA,NA,NA,NA
1987,10,3,6,933,930,1042,1035,PS,1459,NA,69,65,NA,7,3,LAX,SFO,337,NA,NA,0,NA,0,NA,NA,NA,NA,NA
1987,10,4,7,931,930,1041,1035,PS,1459,NA,70,65,NA,6,1,LAX,SFO,337,NA,NA,0,NA,0,NA,NA,NA,NA,NA
1987,10,5,1,931,930,1032,1035,PS,1459,NA,61,65,NA,-3,1,LAX,SFO,337,NA,NA,0,NA,0,NA,NA,NA,NA,NA
1987,10,6,2,958,930,1107,1035,PS,1459,NA,69,65,NA,32,28,LAX,SFO,337,NA,NA,0,NA,0,NA,NA,NA,NA,NA
1987,10,10,6,930,930,1032,1035,PS,1459,NA,62,65,NA,-3,0,LAX,SFO,337,NA,NA,0,NA,0,NA,NA,NA,NA,NA
1987,10,12,1,931,930,1055,1035,PS,1459,NA,84,65,NA,20,1,LAX,SFO,337,NA,NA,0,NA,0,NA,NA,NA,NA,NA
1987,10,13,2,938,930,1105,1035,PS,1459,NA,87,65,NA,30,8,LAX,SFO,337,NA,NA,0,NA,0,NA,NA,NA,NA,NA
1987,10,14,3,942,930,1129,1035,PS,1459,NA,107,65,NA,54,12,LAX,SFO,337,NA,NA,0,NA,0,NA,NA,NA,NA,NA
1987,10,15,4,932,930,1039,1035,PS,1459,NA,67,65,NA,4,2,LAX,SFO,337,NA,NA,0,NA,0,NA,NA,NA,NA,NA
1987,10,16,5,931,930,1036,1035,PS,1459,NA,65,65,NA,1,1,LAX,SFO,337,NA,NA,0,NA,0,NA,NA,NA,NA,NA
1987,10,17,6,929,930,1035,1035,PS,1459,NA,66,65,NA,0,-1,LAX,SFO,337,NA,NA,0,NA,0,NA,NA,NA,NA,NA
1987,10,18,7,928,930,1033,1035,PS,1459,NA,65,65,NA,-2,-2,LAX,SFO,337,NA,NA,0,NA,0,NA,NA,NA,NA,NA
1987,10,19,1,939,930,1049,1035,PS,1459,NA,70,65,NA,14,9,LAX,SFO,337,NA,NA,0,NA,0,NA,NA,NA,NA,NA
1987,10,20,2,944,930,1052,1035,PS,1459,NA,68,65,NA,17,14,LAX,SFO,337,NA,NA,0,NA,0,NA,NA,NA,NA,NA
1987,10,21,3,932,930,1034,1035,PS,1459,NA,62,65,NA,-1,2,LAX,SFO,337,NA,NA,0,NA,0,NA,NA,NA,NA,NA
1987,10,22,4,929,930,1033,1035,PS,1459,NA,64,65,NA,-2,-1,LAX,SFO,337,NA,NA,0,NA,0,NA,NA,NA,NA,NA
1987,10,23,5,945,930,1111,1035,PS,1459,NA,86,65,NA,36,15,LAX,SFO,337,NA,NA,0,NA,0,NA,NA,NA,NA,NA
1987,10,24,6,931,930,1042,1035,PS,1459,NA,71,65,NA,7,1,LAX,SFO,337,NA,NA,0,NA,0,NA,NA,NA,NA,NA
1987,10,25,7,930,930,1033,1035,PS,1459,NA,63,65,NA,-2,0,LAX,SFO,337,NA,NA,0,NA,0,NA,NA,NA,NA,NA
1987,10,26,1,931,930,1046,1035,PS,1459,NA,75,65,NA,11,1,LAX,SFO,337,NA,NA,0,NA,0,NA,NA,NA,NA,NA
1987,10,27,2,932,930,1033,1035,PS,1459,NA,61,65,NA,-2,2,LAX,SFO,337,NA,NA,0,NA,0,NA,NA,NA,NA,NA
1987,10,28,3,930,930,1038,1040,PS,1459,NA,68,70,NA,-2,0,LAX,SFO,337,NA,NA,0,NA,0,NA,NA,NA,NA,NA
1987,10,29,4,NA,930,NA,1040,PS,1459,NA,NA,70,NA,NA,NA,LAX,SFO,337,NA,NA,1,NA,0,NA,NA,NA,NA,NA
1987,10,31,6,940,930,1045,1040,PS,1459,NA,65,70,NA,5,10,LAX,SFO,337,NA,NA,0,NA,0,NA,NA,NA,NA,NA
1987,10,1,4,1127,1120,1253,1250,PS,1459,NA,86,90,NA,3,7,SFO,PDX,550,NA,NA,0,NA,0,NA,NA,NA,NA,NA
1987,10,2,5,1124,1120,1252,1250,PS,1459,NA,88,90,NA,2,4,SFO,PDX,550,NA,NA,0,NA,0,NA,NA,NA,NA,NA
1987,10,3,6,1120,1120,1250,1250,PS,1459,NA,90,90,NA,0,0,SFO,PDX,550,NA,NA,0,NA,0,NA,NA,NA,NA,NA
1987,10,4,7,1120,1120,1250,1250,PS,1459,NA,90,90,NA,0,0,SFO,PDX,550,NA,NA,0,NA,0,NA,NA,NA,NA,NA
1987,10,5,1,1128,1120,1252,1250,PS,1459,NA,84,90,NA,2,8,SFO,PDX,550,NA,NA,0,NA,0,NA,NA,NA,NA,NA
1987,10,6,2,1128,1120,1254,1250,PS,1459,NA,86,90,NA,4,8,SFO,PDX,550,NA,NA,0,NA,0,NA,NA,NA,NA,NA
1987,10,10,6,1119,1120,1302,1250,PS,1459,NA,103,90,NA,12,-1,SFO,PDX,550,NA,NA,0,NA,0,NA,NA,NA,NA,NA
1987,10,12,1,1120,1120,1248,1250,PS,1459,NA,88,90,NA,-2,0,SFO,PDX,550,NA,NA,0,NA,0,NA,NA,NA,NA,NA
1987,10,13,2,1123,1120,1259,1250,PS,1459,NA,96,90,NA,9,3,SFO,PDX,550,NA,NA,0,NA,0,NA,NA,NA,NA,NA
1987,10,14,3,1153,1120,1321,1250,PS,1459,NA,88,90,NA,31,33,SFO,PDX,550,NA,NA,0,NA,0,NA,NA,NA,NA,NA
1987,10,15,4,1122,1120,1256,1250,PS,1459,NA,94,90,NA,6,2,SFO,PDX,550,NA,NA,0,NA,0,NA,NA,NA,NA,NA
1987,10,16,5,1124,1120,1254,1250,PS,1459,NA,90,90,NA,4,4,SFO,PDX,550,NA,NA,0,NA,0,NA,NA,NA,NA,NA
1987,10,17,6,1120,1120,1255,1250,PS,1459,NA,95,90,NA,5,0,SFO,PDX,550,NA,NA,0,NA,0,NA,NA,NA,NA,NA
1987,10,18,7,1120,1120,1244,1250,PS,1459,NA,84,90,NA,-6,0,SFO,PDX,550,NA,NA,0,NA,0,NA,NA,NA,NA,NA
1987,10,19,1,1128,1120,1259,1250,PS,1459,NA,91,90,NA,9,8,SFO,PDX,550,NA,NA,0,NA,0,NA,NA,NA,NA,NA
1987,10,20,2,1122,1120,1244,1250,PS,1459,NA,82,90,NA,-6,2,SFO,PDX,550,NA,NA,0,NA,0,NA,NA,NA,NA,NA
1987,10,21,3,1120,1120,1245,1250,PS,1459,NA,85,90,NA,-5,0,SFO,PDX,550,NA,NA,0,NA,0,NA,NA,NA,NA,NA
1987,10,22,4,1121,1120,1251,1250,PS,1459,NA,90,90,NA,1,1,SFO,PDX,550,NA,NA,0,NA,0,NA,NA,NA,NA,NA
1987,10,23,5,1138,1120,1307,1250,PS,1459,NA,89,90,NA,17,18,SFO,PDX,550,NA,NA,0,NA,0,NA,NA,NA,NA,NA
1987,10,24,6,1120,1120,1303,1250,PS,1459,NA,103,90,NA,13,0,SFO,PDX,550,NA,NA,0,NA,0,NA,NA,NA,NA,NA
1987,10,25,7,1121,1120,1306,1250,PS,1459,NA,105,90,NA,16,1,SFO,PDX,550,NA,NA,0,NA,0,NA,NA,NA,NA,NA
1987,10,26,1,1121,1120,1258,1250,PS,1459,NA,97,90,NA,8,1,SFO,PDX,550,NA,NA,0,NA,0,NA,NA,NA,NA,NA
1987,10,27,2,1119,1120,1302,1250,PS,1459,NA,103,90,NA,12,-1,SFO,PDX,550,NA,NA,0,NA,0,NA,NA,NA,NA,NA
1987,10,1,4,1830,1830,1936,1929,PS,1460,NA,66,59,NA,7,0,OAK,BUR,325,NA,NA,0,NA,0,NA,NA,NA,NA,NA
1987,10,2,5,1837,1830,1950,1929,PS,1460,NA,73,59,NA,21,7,OAK,BUR,325,NA,NA,0,NA,0,NA,NA,NA,NA,NA
1987,10,3,6,1829,1830,1926,1929,PS,1460,NA,57,59,NA,-3,-1,OAK,BUR,325,NA,NA,0,NA,0,NA,NA,NA,NA,NA
1987,10,4,7,1831,1830,1947,1929,PS,1460,NA,76,59,NA,18,1,OAK,BUR,325,NA,NA,0,NA,0,NA,NA,NA,NA,NA
1987,10,5,1,1830,1830,1944,1929,PS,1460,NA,74,59,NA,15,0,OAK,BUR,325,NA,NA,0,NA,0,NA,NA,NA,NA,NA
1987,10,6,2,1829,1830,1942,1929,PS,1460,NA,73,59,NA,13,-1,OAK,BUR,325,NA,NA,0,NA,0,NA,NA,NA,NA,NA
1987,10,8,4,1842,1830,1950,1929,PS,1460,NA,68,59,NA,21,12,OAK,BUR,325,NA,NA,0,NA,0,NA,NA,NA,NA,NA
1987,10,9,5,1830,1830,1941,1929,PS,1460,NA,71,59,NA,12,0,OAK,BUR,325,NA,NA,0,NA,0,NA,NA,NA,NA,NA
1987,10,10,6,1828,1830,1931,1929,PS,1460,NA,63,59,NA,2,-2,OAK,BUR,325,NA,NA,0,NA,0,NA,NA,NA,NA,NA
1987,10,11,7,1833,1830,1950,1929,PS,1460,NA,77,59,NA,21,3,OAK,BUR,325,NA,NA,0,NA,0,NA,NA,NA,NA,NA
1987,10,13,2,1830,1830,1937,1929,PS,1460,NA,67,59,NA,8,0,OAK,BUR,325,NA,NA,0,NA,0,NA,NA,NA,NA,NA
1987,10,14,3,1835,1830,1947,1929,PS,1460,NA,72,59,NA,18,5,OAK,BUR,325,NA,NA,0,NA,0,NA,NA,NA,NA,NA
1987,10,15,4,1839,1830,1949,1929,PS,1460,NA,70,59,NA,20,9,OAK,BUR,325,NA,NA,0,NA,0,NA,NA,NA,NA,NA
1987,10,17,6,1830,1830,1930,1929,PS,1460,NA,60,59,NA,1,0,OAK,BUR,325,NA,NA,0,NA,0,NA,NA,NA,NA,NA
1987,10,18,7,1830,1830,1934,1929,PS,1460,NA,64,59,NA,5,0,OAK,BUR,325,NA,NA,0,NA,0,NA,NA,NA,NA,NA
1987,10,19,1,1834,1830,1944,1929,PS,1460,NA,70,59,NA,15,4,OAK,BUR,325,NA,NA,0,NA,0,NA,NA,NA,NA,NA
1987,10,20,2,1828,1830,1943,1929,PS,1460,NA,75,59,NA,14,-2,OAK,BUR,325,NA,NA,0,NA,0,NA,NA,NA,NA,NA
1987,10,21,3,1829,1830,1938,1929,PS,1460,NA,69,59,NA,9,-1,OAK,BUR,325,NA,NA,0,NA,0,NA,NA,NA,NA,NA
1987,10,22,4,1844,1830,2023,1929,PS,1460,NA,99,59,NA,54,14,OAK,BUR,325,NA,NA,0,NA,0,NA,NA,NA,NA,NA
1987,10,23,5,1834,1830,1944,1929,PS,1460,NA,70,59,NA,15,4,OAK,BUR,325,NA,NA,0,NA,0,NA,NA,NA,NA,NA
1987,10,24,6,1829,1830,1928,1929,PS,1460,NA,59,59,NA,-1,-1,OAK,BUR,325,NA,NA,0,NA,0,NA,NA,NA,NA,NA
1987,10,25,7,1829,1830,1938,1929,PS,1460,NA,69,59,NA,9,-1,OAK,BUR,325,NA,NA,0,NA,0,NA,NA,NA,NA,NA
1987,10,26,1,1829,1830,1936,1929,PS,1460,NA,67,59,NA,7,-1,OAK,BUR,325,NA,NA,0,NA,0,NA,NA,NA,NA,NA
1987,10,28,3,1845,1846,2001,1949,PS,1460,NA,76,63,NA,12,-1,OAK,BUR,325,NA,NA,0,NA,0,NA,NA,NA,NA,NA
1987,10,29,4,1851,1846,1957,1949,PS,1460,NA,66,63,NA,8,5,OAK,BUR,325,NA,NA,0,NA,0,NA,NA,NA,NA,NA
1987,10,30,5,1846,1846,1957,1949,PS,1460,NA,71,63,NA,8,0,OAK,BUR,325,NA,NA,0,NA,0,NA,NA,NA,NA,NA
1987,10,31,6,1845,1846,1947,1949,PS,1460,NA,62,63,NA,-2,-1,OAK,BUR,325,NA,NA,0,NA,0,NA,NA,NA,NA,NA
1987,10,1,4,1808,1800,1915,1901,PS,1463,NA,67,61,NA,14,8,BUR,OAK,325,NA,NA,0,NA,0,NA,NA,NA,NA,NA
1987,10,2,5,1802,1800,1913,1901,PS,1463,NA,71,61,NA,12,2,BUR,OAK,325,NA,NA,0,NA,0,NA,NA,NA,NA,NA
1987,10,3,6,1800,1800,1910,1901,PS,1463,NA,70,61,NA,9,0,BUR,OAK,325,NA,NA,0,NA,0,NA,NA,NA,NA,NA
1987,10,4,7,1813,1800,1912,1901,PS,1463,NA,59,61,NA,11,13,BUR,OAK,325,NA,NA,0,NA,0,NA,NA,NA,NA,NA
1987,10,5,1,1759,1800,1903,1901,PS,1463,NA,64,61,NA,2,-1,BUR,OAK,325,NA,NA,0,NA,0,NA,NA,NA,NA,NA
1987,10,6,2,1800,1800,1902,1901,PS,1463,NA,62,61,NA,1,0,BUR,OAK,325,NA,NA,0,NA,0,NA,NA,NA,NA,NA
1987,10,7,3,1759,1800,1906,1901,PS,1463,NA,67,61,NA,5,-1,BUR,OAK,325,NA,NA,0,NA,0,NA,NA,NA,NA,NA
1987,10,8,4,1819,1800,1919,1901,PS,1463,NA,60,61,NA,18,19,BUR,OAK,325,NA,NA,0,NA,0,NA,NA,NA,NA,NA
1987,10,9,5,1905,1800,2012,1901,PS,1463,NA,67,61,NA,71,65,BUR,OAK,325,NA,NA,0,NA,0,NA,NA,NA,NA,NA
1987,10,10,6,1759,1800,1859,1901,PS,1463,NA,60,61,NA,-2,-1,BUR,OAK,325,NA,NA,0,NA,0,NA,NA,NA,NA,NA
1987,10,11,7,1800,1800,1858,1901,PS,1463,NA,58,61,NA,-3,0,BUR,OAK,325,NA,NA,0,NA,0,NA,NA,NA,NA,NA
1987,10,12,1,1759,1800,1906,1901,PS,1463,NA,67,61,NA,5,-1,BUR,OAK,325,NA,NA,0,NA,0,NA,NA,NA,NA,NA
1987,10,13,2,1823,1800,1930,1901,PS,1463,NA,67,61,NA,29,23,BUR,OAK,325,NA,NA,0,NA,0,NA,NA,NA,NA,NA
1987,10,14,3,1808,1800,1919,1901,PS,1463,NA,71,61,NA,18,8,BUR,OAK,325,NA,NA,0,NA,0,NA,NA,NA,NA,NA
1987,10,15,4,1819,1800,1932,1901,PS,1463,NA,73,61,NA,31,19,BUR,OAK,325,NA,NA,0,NA,0,NA,NA,NA,NA,NA
1987,10,16,5,1809,1800,1913,1901,PS,1463,NA,64,61,NA,12,9,BUR,OAK,325,NA,NA,0,NA,0,NA,NA,NA,NA,NA
1987,10,17,6,1759,1800,1900,1901,PS,1463,NA,61,61,NA,-1,-1,BUR,OAK,325,NA,NA,0,NA,0,NA,NA,NA,NA,NA
1987,10,19,1,1759,1800,1902,1901,PS,1463,NA,63,61,NA,1,-1,BUR,OAK,325,NA,NA,0,NA,0,NA,NA,NA,NA,NA
1987,10,20,2,1827,1800,1946,1901,PS,1463,NA,79,61,NA,45,27,BUR,OAK,325,NA,NA,0,NA,0,NA,NA,NA,NA,NA
1987,10,21,3,1805,1800,1903,1901,PS,1463,NA,58,61,NA,2,5,BUR,OAK,325,NA,NA,0,NA,0,NA,NA,NA,NA,NA
1987,10,22,4,1805,1800,1912,1901,PS,1463,NA,67,61,NA,11,5,BUR,OAK,325,NA,NA,0,NA,0,NA,NA,NA,NA,NA
1987,10,23,5,1909,1800,2026,1901,PS,1463,NA,77,61,NA,85,69,BUR,OAK,325,NA,NA,0,NA,0,NA,NA,NA,NA,NA
1987,10,24,6,1801,1800,1906,1901,PS,1463,NA,65,61,NA,5,1,BUR,OAK,325,NA,NA,0,NA,0,NA,NA,NA,NA,NA
1987,10,25,7,1827,1800,1928,1901,PS,1463,NA,61,61,NA,27,27,BUR,OAK,325,NA,NA,0,NA,0,NA,NA,NA,NA,NA
1987,10,26,1,1759,1800,1859,1901,PS,1463,NA,60,61,NA,-2,-1,BUR,OAK,325,NA,NA,0,NA,0,NA,NA,NA,NA,NA
1987,10,27,2,1811,1800,1913,1901,PS,1463,NA,62,61,NA,12,11,BUR,OAK,325,NA,NA,0,NA,0,NA,NA,NA,NA,NA
1987,10,28,3,1907,1850,2015,1957,PS,1463,NA,68,67,NA,18,17,BUR,OAK,325,NA,NA,0,NA,0,NA,NA,NA,NA,NA
1987,10,29,4,1852,1850,2004,1957,PS,1463,NA,72,67,NA,7,2,BUR,OAK,325,NA,NA,0,NA,0,NA,NA,NA,NA,NA
1987,10,30,5,1858,1850,2002,1957,PS,1463,NA,64,67,NA,5,8,BUR,OAK,325,NA,NA,0,NA,0,NA,NA,NA,NA,NA
1987,10,31,6,1849,1850,1950,1957,PS,1463,NA,61,67,NA,-7,-1,BUR,OAK,325,NA,NA,0,NA,0,NA,NA,NA,NA,NA
1987,10,28,3,1559,1515,1702,1611,PS,1464,NA,63,56,NA,51,44,SJC,BUR,296,NA,NA,0,NA,0,NA,NA,NA,NA,NA
1987,10,29,4,1525,1515,1636,1611,PS,1464,NA,71,56,NA,25,10,SJC,BUR,296,NA,NA,0,NA,0,NA,NA,NA,NA,NA
1987,10,30,5,1518,1515,1620,1611,PS,1464,NA,62,56,NA,9,3,SJC,BUR,296,NA,NA,0,NA,0,NA,NA,NA,NA,NA
1987,10,1,4,2003,2000,2058,2059,PS,1465,NA,55,59,NA,-1,3,BUR,OAK,325,NA,NA,0,NA,0,NA,NA,NA,NA,NA
1987,10,2,5,2000,2000,2100,2059,PS,1465,NA,60,59,NA,1,0,BUR,OAK,325,NA,NA,0,NA,0,NA,NA,NA,NA,NA
1987,10,4,7,2040,2000,2136,2059,PS,1465,NA,56,59,NA,37,40,BUR,OAK,325,NA,NA,0,NA,0,NA,NA,NA,NA,NA
1987,10,6,2,2000,2000,2055,2059,PS,1465,NA,55,59,NA,-4,0,BUR,OAK,325,NA,NA,0,NA,0,NA,NA,NA,NA,NA
1987,10,7,3,1959,2000,2055,2059,PS,1465,NA,56,59,NA,-4,-1,BUR,OAK,325,NA,NA,0,NA,0,NA,NA,NA,NA,NA
1987,10,8,4,2005,2000,2055,2059,PS,1465,NA,50,59,NA,-4,5,BUR,OAK,325,NA,NA,0,NA,0,NA,NA,NA,NA,NA
1987,10,9,5,2047,2000,2144,2059,PS,1465,NA,57,59,NA,45,47,BUR,OAK,325,NA,NA,0,NA,0,NA,NA,NA,NA,NA
1987,10,11,7,2001,2000,2106,2059,PS,1465,NA,65,59,NA,7,1,BUR,OAK,325,NA,NA,0,NA,0,NA,NA,NA,NA,NA
1987,10,12,1,1959,2000,2103,2059,PS,1465,NA,64,59,NA,4,-1,BUR,OAK,325,NA,NA,0,NA,0,NA,NA,NA,NA,NA
1987,10,13,2,1958,2000,2101,2059,PS,1465,NA,63,59,NA,2,-2,BUR,OAK,325,NA,NA,0,NA,0,NA,NA,NA,NA,NA
1987,10,14,3,1958,2000,2057,2059,PS,1465,NA,59,59,NA,-2,-2,BUR,OAK,325,NA,NA,0,NA,0,NA,NA,NA,NA,NA
1987,10,15,4,1958,2000,2054,2059,PS,1465,NA,56,59,NA,-5,-2,BUR,OAK,325,NA,NA,0,NA,0,NA,NA,NA,NA,NA
1987,10,16,5,2000,2000,2100,2059,PS,1465,NA,60,59,NA,1,0,BUR,OAK,325,NA,NA,0,NA,0,NA,NA,NA,NA,NA
1987,10,18,7,2008,2000,2110,2059,PS,1465,NA,62,59,NA,11,8,BUR,OAK,325,NA,NA,0,NA,0,NA,NA,NA,NA,NA
1987,10,19,1,1959,2000,2059,2059,PS,1465,NA,60,59,NA,0,-1,BUR,OAK,325,NA,NA,0,NA,0,NA,NA,NA,NA,NA
1987,10,20,2,1958,2000,2058,2059,PS,1465,NA,60,59,NA,-1,-2,BUR,OAK,325,NA,NA,0,NA,0,NA,NA,NA,NA,NA
1987,10,21,3,2000,2000,2058,2059,PS,1465,NA,58,59,NA,-1,0,BUR,OAK,325,NA,NA,0,NA,0,NA,NA,NA,NA,NA
1987,10,22,4,NA,2000,NA,2059,PS,1465,NA,NA,59,NA,NA,NA,BUR,OAK,325,NA,NA,1,NA,0,NA,NA,NA,NA,NA
1987,10,23,5,2052,2000,2149,2059,PS,1465,NA,57,59,NA,50,52,BUR,OAK,325,NA,NA,0,NA,0,NA,NA,NA,NA,NA
1987,10,25,7,2009,2000,2106,2059,PS,1465,NA,57,59,NA,7,9,BUR,OAK,325,NA,NA,0,NA,0,NA,NA,NA,NA,NA
1987,10,26,1,1959,2000,2055,2059,PS,1465,NA,56,59,NA,-4,-1,BUR,OAK,325,NA,NA,0,NA,0,NA,NA,NA,NA,NA
1987,10,27,2,2007,2000,2105,2059,PS,1465,NA,58,59,NA,6,7,BUR,OAK,325,NA,NA,0,NA,0,NA,NA,NA,NA,NA
1987,10,28,3,2111,2019,2225,2122,PS,1465,NA,74,63,NA,63,52,BUR,OAK,325,NA,NA,0,NA,0,NA,NA,NA,NA,NA
1987,10,29,4,2055,2019,2158,2122,PS,1465,NA,63,63,NA,36,36,BUR,OAK,325,NA,NA,0,NA,0,NA,NA,NA,NA,NA
1987,10,30,5,2021,2019,2118,2122,PS,1465,NA,57,63,NA,-4,2,BUR,OAK,325,NA,NA,0,NA,0,NA,NA,NA,NA,NA
1987,10,1,4,645,645,811,803,PS,1468,NA,86,78,NA,8,0,SFO,SAN,447,NA,NA,0,NA,0,NA,NA,NA,NA,NA
1987,10,6,2,735,645,906,803,PS,1468,NA,91,78,NA,63,50,SFO,SAN,447,NA,NA,0,NA,0,NA,NA,NA,NA,NA
1987,10,7,3,645,645,814,803,PS,1468,NA,89,78,NA,11,0,SFO,SAN,447,NA,NA,0,NA,0,NA,NA,NA,NA,NA
1987,10,8,4,645,645,808,803,PS,1468,NA,83,78,NA,5,0,SFO,SAN,447,NA,NA,0,NA,0,NA,NA,NA,NA,NA
1987,10,9,5,646,645,806,803,PS,1468,NA,80,78,NA,3,1,SFO,SAN,447,NA,NA,0,NA,0,NA,NA,NA,NA,NA
1987,10,12,1,647,645,809,803,PS,1468,NA,82,78,NA,6,2,SFO,SAN,447,NA,NA,0,NA,0,NA,NA,NA,NA,NA
1987,10,13,2,645,645,802,803,PS,1468,NA,77,78,NA,-1,0,SFO,SAN,447,NA,NA,0,NA,0,NA,NA,NA,NA,NA
1987,10,14,3,645,645,808,803,PS,1468,NA,83,78,NA,5,0,SFO,SAN,447,NA,NA,0,NA,0,NA,NA,NA,NA,NA
1987,10,15,4,645,645,806,803,PS,1468,NA,81,78,NA,3,0,SFO,SAN,447,NA,NA,0,NA,0,NA,NA,NA,NA,NA
1987,10,16,5,648,645,808,803,PS,1468,NA,80,78,NA,5,3,SFO,SAN,447,NA,NA,0,NA,0,NA,NA,NA,NA,NA
1987,10,19,1,646,645,812,803,PS,1468,NA,86,78,NA,9,1,SFO,SAN,447,NA,NA,0,NA,0,NA,NA,NA,NA,NA
1987,10,20,2,644,645,812,803,PS,1468,NA,88,78,NA,9,-1,SFO,SAN,447,NA,NA,0,NA,0,NA,NA,NA,NA,NA
1987,10,21,3,647,645,807,803,PS,1468,NA,80,78,NA,4,2,SFO,SAN,447,NA,NA,0,NA,0,NA,NA,NA,NA,NA
1987,10,26,1,644,645,810,803,PS,1468,NA,86,78,NA,7,-1,SFO,SAN,447,NA,NA,0,NA,0,NA,NA,NA,NA,NA
1987,10,27,2,645,645,813,803,PS,1468,NA,88,78,NA,10,0,SFO,SAN,447,NA,NA,0,NA,0,NA,NA,NA,NA,NA
1987,10,28,3,634,635,759,753,PS,1468,NA,85,78,NA,6,-1,SFO,SAN,447,NA,NA,0,NA,0,NA,NA,NA,NA,NA
1987,10,29,4,636,635,805,753,PS,1468,NA,89,78,NA,12,1,SFO,SAN,447,NA,NA,0,NA,0,NA,NA,NA,NA,NA
1987,10,30,5,639,635,808,753,PS,1468,NA,89,78,NA,15,4,SFO,SAN,447,NA,NA,0,NA,0,NA,NA,NA,NA,NA
1987,10,31,6,850,840,1017,954,PS,1470,NA,87,74,NA,23,10,OAK,SAN,446,NA,NA,0,NA,0,NA,NA,NA,NA,NA
1987,10,1,4,645,645,807,804,PS,1471,NA,82,79,NA,3,0,SAN,OAK,446,NA,NA,0,NA,0,NA,NA,NA,NA,NA
1987,10,2,5,646,645,812,804,PS,1471,NA,86,79,NA,8,1,SAN,OAK,446,NA,NA,0,NA,0,NA,NA,NA,NA,NA
1987,10,5,1,646,645,907,804,PS,1471,NA,141,79,NA,63,1,SAN,OAK,446,NA,NA,0,NA,0,NA,NA,NA,NA,NA
1987,10,6,2,706,645,825,804,PS,1471,NA,79,79,NA,21,21,SAN,OAK,446,NA,NA,0,NA,0,NA,NA,NA,NA,NA
1987,10,8,4,648,645,814,804,PS,1471,NA,86,79,NA,10,3,SAN,OAK,446,NA,NA,0,NA,0,NA,NA,NA,NA,NA
1987,10,9,5,645,645,806,804,PS,1471,NA,81,79,NA,2,0,SAN,OAK,446,NA,NA,0,NA,0,NA,NA,NA,NA,NA
1987,10,12,1,644,645,803,804,PS,1471,NA,79,79,NA,-1,-1,SAN,OAK,446,NA,NA,0,NA,0,NA,NA,NA,NA,NA
1987,10,13,2,645,645,809,804,PS,1471,NA,84,79,NA,5,0,SAN,OAK,446,NA,NA,0,NA,0,NA,NA,NA,NA,NA
1987,10,14,3,652,645,820,804,PS,1471,NA,88,79,NA,16,7,SAN,OAK,446,NA,NA,0,NA,0,NA,NA,NA,NA,NA
1987,10,15,4,646,645,806,804,PS,1471,NA,80,79,NA,2,1,SAN,OAK,446,NA,NA,0,NA,0,NA,NA,NA,NA,NA
1987,10,16,5,644,645,806,804,PS,1471,NA,82,79,NA,2,-1,SAN,OAK,446,NA,NA,0,NA,0,NA,NA,NA,NA,NA
1987,10,19,1,647,645,810,804,PS,1471,NA,83,79,NA,6,2,SAN,OAK,446,NA,NA,0,NA,0,NA,NA,NA,NA,NA
1987,10,20,2,644,645,801,804,PS,1471,NA,77,79,NA,-3,-1,SAN,OAK,446,NA,NA,0,NA,0,NA,NA,NA,NA,NA
1987,10,21,3,644,645,808,804,PS,1471,NA,84,79,NA,4,-1,SAN,OAK,446,NA,NA,0,NA,0,NA,NA,NA,NA,NA
1987,10,22,4,645,645,806,804,PS,1471,NA,81,79,NA,2,0,SAN,OAK,446,NA,NA,0,NA,0,NA,NA,NA,NA,NA
1987,10,4,7,1655,1630,1817,1736,PS,1473,NA,82,66,NA,41,25,LAX,SFO,337,NA,NA,0,NA,0,NA,NA,NA,NA,NA
1987,10,5,1,1632,1630,1742,1736,PS,1473,NA,70,66,NA,6,2,LAX,SFO,337,NA,NA,0,NA,0,NA,NA,NA,NA,NA
1987,10,6,2,1636,1630,1740,1736,PS,1473,NA,64,66,NA,4,6,LAX,SFO,337,NA,NA,0,NA,0,NA,NA,NA,NA,NA
1987,10,7,3,1636,1630,1751,1736,PS,1473,NA,75,66,NA,15,6,LAX,SFO,337,NA,NA,0,NA,0,NA,NA,NA,NA,NA
1987,10,8,4,1631,1630,1738,1736,PS,1473,NA,67,66,NA,2,1,LAX,SFO,337,NA,NA,0,NA,0,NA,NA,NA,NA,NA
1987,10,9,5,1700,1630,1825,1736,PS,1473,NA,85,66,NA,49,30,LAX,SFO,337,NA,NA,0,NA,0,NA,NA,NA,NA,NA
1987,10,11,7,1634,1630,1745,1736,PS,1473,NA,71,66,NA,9,4,LAX,SFO,337,NA,NA,0,NA,0,NA,NA,NA,NA,NA
1987,10,13,2,1631,1630,1742,1736,PS,1473,NA,71,66,NA,6,1,LAX,SFO,337,NA,NA,0,NA,0,NA,NA,NA,NA,NA
1987,10,15,4,1643,1630,1753,1736,PS,1473,NA,70,66,NA,17,13,LAX,SFO,337,NA,NA,0,NA,0,NA,NA,NA,NA,NA
1987,10,16,5,1651,1630,1805,1736,PS,1473,NA,74,66,NA,29,21,LAX,SFO,337,NA,NA,0,NA,0,NA,NA,NA,NA,NA
1987,10,18,7,1632,1630,1745,1736,PS,1473,NA,73,66,NA,9,2,LAX,SFO,337,NA,NA,0,NA,0,NA,NA,NA,NA,NA
1987,10,19,1,1630,1630,1739,1736,PS,1473,NA,69,66,NA,3,0,LAX,SFO,337,NA,NA,0,NA,0,NA,NA,NA,NA,NA
1987,10,20,2,1636,1630,1740,1736,PS,1473,NA,64,66,NA,4,6,LAX,SFO,337,NA,NA,0,NA,0,NA,NA,NA,NA,NA
1987,10,21,3,1642,1630,1756,1736,PS,1473,NA,74,66,NA,20,12,LAX,SFO,337,NA,NA,0,NA,0,NA,NA,NA,NA,NA
1987,10,22,4,1656,1630,1815,1736,PS,1473,NA,79,66,NA,39,26,LAX,SFO,337,NA,NA,0,NA,0,NA,NA,NA,NA,NA
1987,10,23,5,1646,1630,1800,1736,PS,1473,NA,74,66,NA,24,16,LAX,SFO,337,NA,NA,0,NA,0,NA,NA,NA,NA,NA
1987,10,25,7,1630,1630,1747,1736,PS,1473,NA,77,66,NA,11,0,LAX,SFO,337,NA,NA,0,NA,0,NA,NA,NA,NA,NA
1987,10,27,2,1634,1630,1756,1736,PS,1473,NA,82,66,NA,20,4,LAX,SFO,337,NA,NA,0,NA,0,NA,NA,NA,NA,NA
1987,10,28,3,1701,1630,1832,1743,PS,1473,NA,91,73,NA,49,31,LAX,SFO,337,NA,NA,0,NA,0,NA,NA,NA,NA,NA
1987,10,1,4,1628,1628,1800,1745,PS,1476,NA,92,77,NA,15,0,OAK,SAN,446,NA,NA,0,NA,0,NA,NA,NA,NA,NA
1987,10,2,5,1633,1628,1752,1745,PS,1476,NA,79,77,NA,7,5,OAK,SAN,446,NA,NA,0,NA,0,NA,NA,NA,NA,NA
1987,10,5,1,1627,1628,1751,1745,PS,1476,NA,84,77,NA,6,-1,OAK,SAN,446,NA,NA,0,NA,0,NA,NA,NA,NA,NA
1987,10,6,2,1627,1628,1749,1745,PS,1476,NA,82,77,NA,4,-1,OAK,SAN,446,NA,NA,0,NA,0,NA,NA,NA,NA,NA
1987,10,7,3,1627,1628,1748,1745,PS,1476,NA,81,77,NA,3,-1,OAK,SAN,446,NA,NA,0,NA,0,NA,NA,NA,NA,NA
1987,10,8,4,1637,1628,1803,1745,PS,1476,NA,86,77,NA,18,9,OAK,SAN,446,NA,NA,0,NA,0,NA,NA,NA,NA,NA
1987,10,9,5,1644,1628,1804,1745,PS,1476,NA,80,77,NA,19,16,OAK,SAN,446,NA,NA,0,NA,0,NA,NA,NA,NA,NA
1987,10,11,7,1630,1628,1800,1745,PS,1476,NA,90,77,NA,15,2,OAK,SAN,446,NA,NA,0,NA,0,NA,NA,NA,NA,NA
1987,10,13,2,1627,1628,1743,1745,PS,1476,NA,76,77,NA,-2,-1,OAK,SAN,446,NA,NA,0,NA,0,NA,NA,NA,NA,NA
1987,10,14,3,1634,1628,1753,1745,PS,1476,NA,79,77,NA,8,6,OAK,SAN,446,NA,NA,0,NA,0,NA,NA,NA,NA,NA
1987,10,15,4,849,850,1032,1015,CO,85,NA,163,145,NA,17,-1,ORD,DEN,888,NA,NA,0,NA,0,NA,NA,NA,NA,NA
1987,10,16,5,852,850,1031,1015,CO,85,NA,159,145,NA,16,2,ORD,DEN,888,NA,NA,0,NA,0,NA,NA,NA,NA,NA
1987,10,17,6,851,850,1025,1015,CO,85,NA,154,145,NA,10,1,ORD,DEN,888,NA,NA,0,NA,0,NA,NA,NA,NA,NA
1987,10,18,7,854,850,1026,1015,CO,85,NA,152,145,NA,11,4,ORD,DEN,888,NA,NA,0,NA,0,NA,NA,NA,NA,NA
1987,10,19,1,852,850,1020,1015,CO,85,NA,148,145,NA,5,2,ORD,DEN,888,NA,NA,0,NA,0,NA,NA,NA,NA,NA
1987,10,20,2,850,850,1010,1015,CO,85,NA,140,145,NA,-5,0,ORD,DEN,888,NA,NA,0,NA,0,NA,NA,NA,NA,NA
1987,10,22,4,850,850,1029,1015,CO,85,NA,159,145,NA,14,0,ORD,DEN,888,NA,NA,0,NA,0,NA,NA,NA,NA,NA
1987,10,23,5,849,850,1024,1015,CO,85,NA,155,145,NA,9,-1,ORD,DEN,888,NA,NA,0,NA,0,NA,NA,NA,NA,NA
1987,10,25,7,855,850,1022,1015,CO,85,NA,147,145,NA,7,5,ORD,DEN,888,NA,NA,0,NA,0,NA,NA,NA,NA,NA
1987,10,26,1,855,850,1027,1015,CO,85,NA,152,145,NA,12,5,ORD,DEN,888,NA,NA,0,NA,0,NA,NA,NA,NA,NA
1987,10,27,2,855,850,1015,1015,CO,85,NA,140,145,NA,0,5,ORD,DEN,888,NA,NA,0,NA,0,NA,NA,NA,NA,NA
1987,10,28,3,850,850,1011,1015,CO,85,NA,141,145,NA,-4,0,ORD,DEN,888,NA,NA,0,NA,0,NA,NA,NA,NA,NA
1987,10,29,4,850,850,1024,1015,CO,85,NA,154,145,NA,9,0,ORD,DEN,888,NA,NA,0,NA,0,NA,NA,NA,NA,NA
1987,10,30,5,849,850,1012,1015,CO,85,NA,143,145,NA,-3,-1,ORD,DEN,888,NA,NA,0,NA,0,NA,NA,NA,NA,NA
1987,10,31,6,852,850,1009,1015,CO,85,NA,137,145,NA,-6,2,ORD,DEN,888,NA,NA,0,NA,0,NA,NA,NA,NA,NA
1987,10,1,4,1529,1530,1901,1842,CO,86,NA,152,132,NA,19,-1,DEN,ORD,888,NA,NA,0,NA,0,NA,NA,NA,NA,NA
1987,10,2,5,1530,1530,1857,1842,CO,86,NA,147,132,NA,15,0,DEN,ORD,888,NA,NA,0,NA,0,NA,NA,NA,NA,NA
1987,11,16,1,2140,2140,2216,2225,WN,266,NA,36,45,NA,-9,0,DAL,OKC,181,NA,NA,0,NA,0,NA,NA,NA,NA,NA
1987,11,17,2,2140,2140,2223,2225,WN,266,NA,43,45,NA,-2,0,DAL,OKC,181,NA,NA,0,NA,0,NA,NA,NA,NA,NA
1987,11,18,3,2150,2140,2230,2225,WN,266,NA,40,45,NA,5,10,DAL,OKC,181,NA,NA,0,NA,0,NA,NA,NA,NA,NA
1987,11,19,4,2140,2140,2220,2225,WN,266,NA,40,45,NA,-5,0,DAL,OKC,181,NA,NA,0,NA,0,NA,NA,NA,NA,NA
1987,11,20,5,2144,2140,2223,2225,WN,266,NA,39,45,NA,-2,4,DAL,OKC,181,NA,NA,0,NA,0,NA,NA,NA,NA,NA
1987,11,22,7,2140,2140,2222,2225,WN,266,NA,42,45,NA,-3,0,DAL,OKC,181,NA,NA,0,NA,0,NA,NA,NA,NA,NA
1987,11,23,1,NA,2140,NA,2225,WN,266,NA,NA,45,NA,NA,NA,DAL,OKC,181,NA,NA,1,NA,0,NA,NA,NA,NA,NA
1987,11,24,2,2140,2140,2250,2225,WN,266,NA,70,45,NA,25,0,DAL,OKC,181,NA,NA,0,NA,0,NA,NA,NA,NA,NA
1987,11,25,3,2204,2140,2245,2225,WN,266,NA,41,45,NA,20,24,DAL,OKC,181,NA,NA,0,NA,0,NA,NA,NA,NA,NA
1987,11,27,5,2140,2140,2221,2225,WN,266,NA,41,45,NA,-4,0,DAL,OKC,181,NA,NA,0,NA,0,NA,NA,NA,NA,NA
1987,11,29,7,2140,2140,2220,2225,WN,266,NA,40,45,NA,-5,0,DAL,OKC,181,NA,NA,0,NA,0,NA,NA,NA,NA,NA
1987,11,30,1,2141,2140,2225,2225,WN,266,NA,44,45,NA,0,1,DAL,OKC,181,NA,NA,0,NA,0,NA,NA,NA,NA,NA
1987,11,1,7,2140,2140,2220,2230,WN,272,NA,40,50,NA,-10,0,AUS,DAL,189,NA,NA,0,NA,0,NA,NA,NA,NA,NA
1987,11,2,1,2140,2140,2227,2230,WN,272,NA,47,50,NA,-3,0,AUS,DAL,189,NA,NA,0,NA,0,NA,NA,NA,NA,NA
1987,11,3,2,2140,2140,2226,2230,WN,272,NA,46,50,NA,-4,0,AUS,DAL,189,NA,NA,0,NA,0,NA,NA,NA,NA,NA
1987,11,4,3,2140,2140,2220,2230,WN,272,NA,40,50,NA,-10,0,AUS,DAL,189,NA,NA,0,NA,0,NA,NA,NA,NA,NA
1987,11,5,4,2140,2140,2217,2230,WN,272,NA,37,50,NA,-13,0,AUS,DAL,189,NA,NA,0,NA,0,NA,NA,NA,NA,NA
1987,11,6,5,2140,2140,2223,2230,WN,272,NA,43,50,NA,-7,0,AUS,DAL,189,NA,NA,0,NA,0,NA,NA,NA,NA,NA
1987,11,8,7,2151,2140,2235,2230,WN,272,NA,44,50,NA,5,11,AUS,DAL,189,NA,NA,0,NA,0,NA,NA,NA,NA,NA
1987,11,9,1,2144,2140,2224,2230,WN,272,NA,40,50,NA,-6,4,AUS,DAL,189,NA,NA,0,NA,0,NA,NA,NA,NA,NA
1987,11,10,2,2140,2140,2230,2230,WN,272,NA,50,50,NA,0,0,AUS,DAL,189,NA,NA,0,NA,0,NA,NA,NA,NA,NA
1987,11,11,3,2140,2140,2223,2230,WN,272,NA,43,50,NA,-7,0,AUS,DAL,189,NA,NA,0,NA,0,NA,NA,NA,NA,NA
1987,11,12,4,2140,2140,2230,2230,WN,272,NA,50,50,NA,0,0,AUS,DAL,189,NA,NA,0,NA,0,NA,NA,NA,NA,NA
1987,11,13,5,2140,2140,2230,2230,WN,272,NA,50,50,NA,0,0,AUS,DAL,189,NA,NA,0,NA,0,NA,NA,NA,NA,NA
1987,11,15,7,2204,2140,2245,2230,WN,272,NA,41,50,NA,15,24,AUS,DAL,189,NA,NA,0,NA,0,NA,NA,NA,NA,NA
1987,11,16,1,2140,2140,2224,2230,WN,272,NA,44,50,NA,-6,0,AUS,DAL,189,NA,NA,0,NA,0,NA,NA,NA,NA,NA
1987,11,17,2,2145,2140,2225,2230,WN,272,NA,40,50,NA,-5,5,AUS,DAL,189,NA,NA,0,NA,0,NA,NA,NA,NA,NA
1987,11,18,3,2147,2140,2227,2230,WN,272,NA,40,50,NA,-3,7,AUS,DAL,189,NA,NA,0,NA,0,NA,NA,NA,NA,NA
1987,11,19,4,2140,2140,2215,2230,WN,272,NA,35,50,NA,-15,0,AUS,DAL,189,NA,NA,0,NA,0,NA,NA,NA,NA,NA
1987,11,22,7,2140,2140,2222,2230,WN,272,NA,42,50,NA,-8,0,AUS,DAL,189,NA,NA,0,NA,0,NA,NA,NA,NA,NA
1987,11,23,1,2140,2140,2224,2230,WN,272,NA,44,50,NA,-6,0,AUS,DAL,189,NA,NA,0,NA,0,NA,NA,NA,NA,NA
1987,11,24,2,2202,2140,2244,2230,WN,272,NA,42,50,NA,14,22,AUS,DAL,189,NA,NA,0,NA,0,NA,NA,NA,NA,NA
1987,11,25,3,2200,2140,2240,2230,WN,272,NA,40,50,NA,10,20,AUS,DAL,189,NA,NA,0,NA,0,NA,NA,NA,NA,NA
1987,11,29,7,2140,2140,2226,2230,WN,272,NA,46,50,NA,-4,0,AUS,DAL,189,NA,NA,0,NA,0,NA,NA,NA,NA,NA
1987,11,30,1,2140,2140,2220,2230,WN,272,NA,40,50,NA,-10,0,AUS,DAL,189,NA,NA,0,NA,0,NA,NA,NA,NA,NA
1987,11,25,3,1502,1455,1557,1555,WN,285,NA,55,60,NA,2,7,MAF,DAL,319,NA,NA,0,NA,0,NA,NA,NA,NA,NA
1987,11,26,4,1600,1555,1655,1655,WN,287,NA,55,60,NA,0,5,MAF,DAL,319,NA,NA,0,NA,0,NA,NA,NA,NA,NA
1987,11,25,3,1220,1220,1319,1320,WN,304,NA,59,60,NA,-1,0,AMA,DAL,324,NA,NA,0,NA,0,NA,NA,NA,NA,NA
1987,11,1,7,1535,1535,1621,1625,WN,305,NA,46,50,NA,-4,0,AUS,DAL,189,NA,NA,0,NA,0,NA,NA,NA,NA,NA
1987,11,2,1,1535,1535,1620,1625,WN,305,NA,45,50,NA,-5,0,AUS,DAL,189,NA,NA,0,NA,0,NA,NA,NA,NA,NA
1987,11,3,2,1535,1535,1620,1625,WN,305,NA,45,50,NA,-5,0,AUS,DAL,189,NA,NA,0,NA,0,NA,NA,NA,NA,NA
1987,11,4,3,1535,1535,1617,1625,WN,305,NA,42,50,NA,-8,0,AUS,DAL,189,NA,NA,0,NA,0,NA,NA,NA,NA,NA
1987,11,5,4,1535,1535,1625,1625,WN,305,NA,50,50,NA,0,0,AUS,DAL,189,NA,NA,0,NA,0,NA,NA,NA,NA,NA
1987,11,6,5,1535,1535,1621,1625,WN,305,NA,46,50,NA,-4,0,AUS,DAL,189,NA,NA,0,NA,0,NA,NA,NA,NA,NA
1987,11,7,6,1535,1535,1618,1625,WN,305,NA,43,50,NA,-7,0,AUS,DAL,189,NA,NA,0,NA,0,NA,NA,NA,NA,NA
1987,11,8,7,1558,1535,1643,1625,WN,305,NA,45,50,NA,18,23,AUS,DAL,189,NA,NA,0,NA,0,NA,NA,NA,NA,NA
1987,11,9,1,1535,1535,1620,1625,WN,305,NA,45,50,NA,-5,0,AUS,DAL,189,NA,NA,0,NA,0,NA,NA,NA,NA,NA
1987,11,10,2,1535,1535,1620,1625,WN,305,NA,45,50,NA,-5,0,AUS,DAL,189,NA,NA,0,NA,0,NA,NA,NA,NA,NA
1987,11,11,3,1535,1535,1620,1625,WN,305,NA,45,50,NA,-5,0,AUS,DAL,189,NA,NA,0,NA,0,NA,NA,NA,NA,NA
1987,11,12,4,1535,1535,1629,1625,WN,305,NA,54,50,NA,4,0,AUS,DAL,189,NA,NA,0,NA,0,NA,NA,NA,NA,NA
1987,11,13,5,1540,1535,1630,1625,WN,305,NA,50,50,NA,5,5,AUS,DAL,189,NA,NA,0,NA,0,NA,NA,NA,NA,NA
1987,11,14,6,1535,1535,1623,1625,WN,305,NA,48,50,NA,-2,0,AUS,DAL,189,NA,NA,0,NA,0,NA,NA,NA,NA,NA
1987,11,15,7,1547,1535,1635,1625,WN,305,NA,48,50,NA,10,12,AUS,DAL,189,NA,NA,0,NA,0,NA,NA,NA,NA,NA
1987,11,16,1,1535,1535,1618,1625,WN,305,NA,43,50,NA,-7,0,AUS,DAL,189,NA,NA,0,NA,0,NA,NA,NA,NA,NA
1987,11,17,2,1535,1535,1624,1625,WN,305,NA,49,50,NA,-1,0,AUS,DAL,189,NA,NA,0,NA,0,NA,NA,NA,NA,NA
1987,11,18,3,1535,1535,1615,1625,WN,305,NA,40,50,NA,-10,0,AUS,DAL,189,NA,NA,0,NA,0,NA,NA,NA,NA,NA
1987,12,1,2,2026,2028,2144,2140,UA,1476,NA,78,72,NA,4,-2,IAD,BDL,326,NA,NA,0,NA,0,NA,NA,NA,NA,NA
1987,12,2,3,2027,2028,2134,2140,UA,1476,NA,67,72,NA,-6,-1,IAD,BDL,326,NA,NA,0,NA,0,NA,NA,NA,NA,NA
1987,12,3,4,2027,2028,2140,2140,UA,1476,NA,73,72,NA,0,-1,IAD,BDL,326,NA,NA,0,NA,0,NA,NA,NA,NA,NA
1987,12,4,5,2032,2028,2144,2140,UA,1476,NA,72,72,NA,4,4,IAD,BDL,326,NA,NA,0,NA,0,NA,NA,NA,NA,NA
1987,12,5,6,2028,2028,2136,2140,UA,1476,NA,68,72,NA,-4,0,IAD,BDL,326,NA,NA,0,NA,0,NA,NA,NA,NA,NA
1987,12,6,7,2029,2028,2134,2140,UA,1476,NA,65,72,NA,-6,1,IAD,BDL,326,NA,NA,0,NA,0,NA,NA,NA,NA,NA
1987,12,7,1,2026,2028,2147,2140,UA,1476,NA,81,72,NA,7,-2,IAD,BDL,326,NA,NA,0,NA,0,NA,NA,NA,NA,NA
1987,12,8,2,2027,2028,2140,2140,UA,1476,NA,73,72,NA,0,-1,IAD,BDL,326,NA,NA,0,NA,0,NA,NA,NA,NA,NA
1987,12,9,3,2026,2028,2136,2140,UA,1476,NA,70,72,NA,-4,-2,IAD,BDL,326,NA,NA,0,NA,0,NA,NA,NA,NA,NA
1987,12,10,4,2027,2028,2128,2140,UA,1476,NA,61,72,NA,-12,-1,IAD,BDL,326,NA,NA,0,NA,0,NA,NA,NA,NA,NA
1987,12,11,5,2026,2028,2134,2140,UA,1476,NA,68,72,NA,-6,-2,IAD,BDL,326,NA,NA,0,NA,0,NA,NA,NA,NA,NA
1987,12,12,6,NA,2028,NA,2140,UA,1476,NA,NA,72,NA,NA,NA,IAD,BDL,326,NA,NA,1,NA,0,NA,NA,NA,NA,NA
1987,12,13,7,2027,2028,2132,2140,UA,1476,NA,65,72,NA,-8,-1,IAD,BDL,326,NA,NA,0,NA,0,NA,NA,NA,NA,NA
1987,12,14,1,2027,2028,2136,2140,UA,1476,NA,69,72,NA,-4,-1,IAD,BDL,326,NA,NA,0,NA,0,NA,NA,NA,NA,NA
1987,12,15,2,2026,2028,2138,2140,UA,1476,NA,72,72,NA,-2,-2,IAD,BDL,326,NA,NA,0,NA,0,NA,NA,NA,NA,NA
1987,12,16,3,2027,2028,2143,2140,UA,1476,NA,76,72,NA,3,-1,IAD,BDL,326,NA,NA,0,NA,0,NA,NA,NA,NA,NA
1987,12,17,4,2025,2028,2133,2140,UA,1476,NA,68,72,NA,-7,-3,IAD,BDL,326,NA,NA,0,NA,0,NA,NA,NA,NA,NA
1987,12,18,5,2028,2028,2147,2140,UA,1476,NA,79,72,NA,7,0,IAD,BDL,326,NA,NA,0,NA,0,NA,NA,NA,NA,NA
1987,12,19,6,2040,2028,2150,2140,UA,1476,NA,70,72,NA,10,12,IAD,BDL,326,NA,NA,0,NA,0,NA,NA,NA,NA,NA
1987,12,20,7,2026,2028,2142,2140,UA,1476,NA,76,72,NA,2,-2,IAD,BDL,326,NA,NA,0,NA,0,NA,NA,NA,NA,NA
1987,12,21,1,2028,2028,2128,2140,UA,1476,NA,60,72,NA,-12,0,IAD,BDL,326,NA,NA,0,NA,0,NA,NA,NA,NA,NA
1987,12,22,2,NA,2028,NA,2140,UA,1476,NA,NA,72,NA,NA,NA,IAD,BDL,326,NA,NA,1,NA,0,NA,NA,NA,NA,NA
1987,12,23,3,2044,2028,2212,2140,UA,1476,NA,88,72,NA,32,16,IAD,BDL,326,NA,NA,0,NA,0,NA,NA,NA,NA,NA
1987,12,24,4,2027,2028,2128,2140,UA,1476,NA,61,72,NA,-12,-1,IAD,BDL,326,NA,NA,0,NA,0,NA,NA,NA,NA,NA
1987,12,25,5,2027,2028,2134,2140,UA,1476,NA,67,72,NA,-6,-1,IAD,BDL,326,NA,NA,0,NA,0,NA,NA,NA,NA,NA
1987,12,26,6,2028,2028,2133,2140,UA,1476,NA,65,72,NA,-7,0,IAD,BDL,326,NA,NA,0,NA,0,NA,NA,NA,NA,NA
1987,12,27,7,2026,2028,2132,2140,UA,1476,NA,66,72,NA,-8,-2,IAD,BDL,326,NA,NA,0,NA,0,NA,NA,NA,NA,NA
1987,12,28,1,2031,2028,2137,2140,UA,1476,NA,66,72,NA,-3,3,IAD,BDL,326,NA,NA,0,NA,0,NA,NA,NA,NA,NA
1987,12,29,2,2033,2028,2144,2140,UA,1476,NA,71,72,NA,4,5,IAD,BDL,326,NA,NA,0,NA,0,NA,NA,NA,NA,NA
1987,12,30,3,2028,2028,2139,2140,UA,1476,NA,71,72,NA,-1,0,IAD,BDL,326,NA,NA,0,NA,0,NA,NA,NA,NA,NA
1987,12,31,4,2027,2028,2136,2140,UA,1476,NA,69,72,NA,-4,-1,IAD,BDL,326,NA,NA,0,NA,0,NA,NA,NA,NA,NA
1987,12,1,2,1609,1610,1919,1930,UA,1476,NA,130,140,NA,-11,-1,MSY,IAD,954,NA,NA,0,NA,0,NA,NA,NA,NA,NA
1987,12,2,3,1610,1610,1931,1930,UA,1476,NA,141,140,NA,1,0,MSY,IAD,954,NA,NA,0,NA,0,NA,NA,NA,NA,NA
1987,12,3,4,1608,1610,1939,1930,UA,1476,NA,151,140,NA,9,-2,MSY,IAD,954,NA,NA,0,NA,0,NA,NA,NA,NA,NA
1987,12,4,5,1609,1610,1934,1930,UA,1476,NA,145,140,NA,4,-1,MSY,IAD,954,NA,NA,0,NA,0,NA,NA,NA,NA,NA
1987,12,5,6,1606,1610,1931,1930,UA,1476,NA,145,140,NA,1,-4,MSY,IAD,954,NA,NA,0,NA,0,NA,NA,NA,NA,NA
1987,12,6,7,1608,1610,1925,1930,UA,1476,NA,137,140,NA,-5,-2,MSY,IAD,954,NA,NA,0,NA,0,NA,NA,NA,NA,NA
1987,12,7,1,1608,1610,1932,1930,UA,1476,NA,144,140,NA,2,-2,MSY,IAD,954,NA,NA,0,NA,0,NA,NA,NA,NA,NA
1987,12,8,2,1609,1610,1934,1930,UA,1476,NA,145,140,NA,4,-1,MSY,IAD,954,NA,NA,0,NA,0,NA,NA,NA,NA,NA
1987,12,9,3,1607,1610,1916,1930,UA,1476,NA,129,140,NA,-14,-3,MSY,IAD,954,NA,NA,0,NA,0,NA,NA,NA,NA,NA
1987,12,10,4,1609,1610,1925,1930,UA,1476,NA,136,140,NA,-5,-1,MSY,IAD,954,NA,NA,0,NA,0,NA,NA,NA,NA,NA
1987,12,11,5,1611,1610,1925,1930,UA,1476,NA,134,140,NA,-5,1,MSY,IAD,954,NA,NA,0,NA,0,NA,NA,NA,NA,NA
1987,12,12,6,1609,1610,1936,1930,UA,1476,NA,147,140,NA,6,-1,MSY,IAD,954,NA,NA,0,NA,0,NA,NA,NA,NA,NA
1987,12,13,7,1609,1610,1923,1930,UA,1476,NA,134,140,NA,-7,-1,MSY,IAD,954,NA,NA,0,NA,0,NA,NA,NA,NA,NA
1987,12,14,1,1607,1610,1914,1930,UA,1476,NA,127,140,NA,-16,-3,MSY,IAD,954,NA,NA,0,NA,0,NA,NA,NA,NA,NA
1987,12,15,2,1652,1610,1948,1930,UA,1476,NA,116,140,NA,18,42,MSY,IAD,954,NA,NA,0,NA,0,NA,NA,NA,NA,NA
1987,12,16,3,1617,1610,1946,1930,UA,1476,NA,149,140,NA,16,7,MSY,IAD,954,NA,NA,0,NA,0,NA,NA,NA,NA,NA
1987,12,17,4,1613,1610,1933,1930,UA,1476,NA,140,140,NA,3,3,MSY,IAD,954,NA,NA,0,NA,0,NA,NA,NA,NA,NA
1987,12,18,5,1609,1610,1920,1930,UA,1476,NA,131,140,NA,-10,-1,MSY,IAD,954,NA,NA,0,NA,0,NA,NA,NA,NA,NA
1987,12,20,7,1610,1610,1918,1930,UA,1476,NA,128,140,NA,-12,0,MSY,IAD,954,NA,NA,0,NA,0,NA,NA,NA,NA,NA
1987,12,21,1,1615,1610,1923,1930,UA,1476,NA,128,140,NA,-7,5,MSY,IAD,954,NA,NA,0,NA,0,NA,NA,NA,NA,NA
1987,12,22,2,1609,1610,1925,1930,UA,1476,NA,136,140,NA,-5,-1,MSY,IAD,954,NA,NA,0,NA,0,NA,NA,NA,NA,NA
1987,12,23,3,1613,1610,1920,1930,UA,1476,NA,127,140,NA,-10,3,MSY,IAD,954,NA,NA,0,NA,0,NA,NA,NA,NA,NA
1987,12,24,4,1609,1610,1937,1930,UA,1476,NA,148,140,NA,7,-1,MSY,IAD,954,NA,NA,0,NA,0,NA,NA,NA,NA,NA
1987,12,25,5,1607,1610,1920,1930,UA,1476,NA,133,140,NA,-10,-3,MSY,IAD,954,NA,NA,0,NA,0,NA,NA,NA,NA,NA
1987,12,26,6,1608,1610,1937,1930,UA,1476,NA,149,140,NA,7,-2,MSY,IAD,954,NA,NA,0,NA,0,NA,NA,NA,NA,NA
1987,12,27,7,1612,1610,1919,1930,UA,1476,NA,127,140,NA,-11,2,MSY,IAD,954,NA,NA,0,NA,0,NA,NA,NA,NA,NA
1987,12,28,1,1623,1610,1922,1930,UA,1476,NA,119,140,NA,-8,13,MSY,IAD,954,NA,NA,0,NA,0,NA,NA,NA,NA,NA
1987,12,29,2,1608,1610,1932,1930,UA,1476,NA,144,140,NA,2,-2,MSY,IAD,954,NA,NA,0,NA,0,NA,NA,NA,NA,NA
1987,12,30,3,1614,1610,1926,1930,UA,1476,NA,132,140,NA,-4,4,MSY,IAD,954,NA,NA,0,NA,0,NA,NA,NA,NA,NA
1987,12,31,4,1610,1610,1941,1930,UA,1476,NA,151,140,NA,11,0,MSY,IAD,954,NA,NA,0,NA,0,NA,NA,NA,NA,NA
1987,12,1,2,1914,1915,2032,2023,UA,1477,NA,78,68,NA,9,-1,EWR,IAD,213,NA,NA,0,NA,0,NA,NA,NA,NA,NA
1987,12,2,3,1915,1915,2027,2023,UA,1477,NA,72,68,NA,4,0,EWR,IAD,213,NA,NA,0,NA,0,NA,NA,NA,NA,NA
1987,12,3,4,1914,1915,2029,2023,UA,1477,NA,75,68,NA,6,-1,EWR,IAD,213,NA,NA,0,NA,0,NA,NA,NA,NA,NA
1987,12,4,5,1912,1915,2028,2023,UA,1477,NA,76,68,NA,5,-3,EWR,IAD,213,NA,NA,0,NA,0,NA,NA,NA,NA,NA
1987,12,5,6,1916,1915,2019,2023,UA,1477,NA,63,68,NA,-4,1,EWR,IAD,213,NA,NA,0,NA,0,NA,NA,NA,NA,NA
1987,12,6,7,1913,1915,2021,2023,UA,1477,NA,68,68,NA,-2,-2,EWR,IAD,213,NA,NA,0,NA,0,NA,NA,NA,NA,NA
1987,12,7,1,1913,1915,2030,2023,UA,1477,NA,77,68,NA,7,-2,EWR,IAD,213,NA,NA,0,NA,0,NA,NA,NA,NA,NA
1987,12,8,2,1924,1915,2027,2023,UA,1477,NA,63,68,NA,4,9,EWR,IAD,213,NA,NA,0,NA,0,NA,NA,NA,NA,NA
1987,12,9,3,1913,1915,2025,2023,UA,1477,NA,72,68,NA,2,-2,EWR,IAD,213,NA,NA,0,NA,0,NA,NA,NA,NA,NA
1987,12,10,4,1912,1915,2016,2023,UA,1477,NA,64,68,NA,-7,-3,EWR,IAD,213,NA,NA,0,NA,0,NA,NA,NA,NA,NA
1987,12,11,5,1913,1915,2025,2023,UA,1477,NA,72,68,NA,2,-2,EWR,IAD,213,NA,NA,0,NA,0,NA,NA,NA,NA,NA
1987,12,12,6,1911,1915,2017,2023,UA,1477,NA,66,68,NA,-6,-4,EWR,IAD,213,NA,NA,0,NA,0,NA,NA,NA,NA,NA
1987,12,13,7,1912,1915,2021,2023,UA,1477,NA,69,68,NA,-2,-3,EWR,IAD,213,NA,NA,0,NA,0,NA,NA,NA,NA,NA
1987,12,14,1,1912,1915,2032,2023,UA,1477,NA,80,68,NA,9,-3,EWR,IAD,213,NA,NA,0,NA,0,NA,NA,NA,NA,NA
1987,12,15,2,2033,1915,2157,2023,UA,1477,NA,84,68,NA,94,78,EWR,IAD,213,NA,NA,0,NA,0,NA,NA,NA,NA,NA
1987,12,16,3,2024,1915,2143,2023,UA,1477,NA,79,68,NA,80,69,EWR,IAD,213,NA,NA,0,NA,0,NA,NA,NA,NA,NA
1987,12,17,4,1914,1915,2018,2023,UA,1477,NA,64,68,NA,-5,-1,EWR,IAD,213,NA,NA,0,NA,0,NA,NA,NA,NA,NA
1987,12,18,5,1921,1915,2024,2023,UA,1477,NA,63,68,NA,1,6,EWR,IAD,213,NA,NA,0,NA,0,NA,NA,NA,NA,NA
1987,12,19,6,1915,1915,2016,2023,UA,1477,NA,61,68,NA,-7,0,EWR,IAD,213,NA,NA,0,NA,0,NA,NA,NA,NA,NA
1987,12,20,7,1913,1915,2026,2023,UA,1477,NA,73,68,NA,3,-2,EWR,IAD,213,NA,NA,0,NA,0,NA,NA,NA,NA,NA
1987,12,21,1,1913,1915,2017,2023,UA,1477,NA,64,68,NA,-6,-2,EWR,IAD,213,NA,NA,0,NA,0,NA,NA,NA,NA,NA
1987,12,22,2,1914,1915,2024,2023,UA,1477,NA,70,68,NA,1,-1,EWR,IAD,213,NA,NA,0,NA,0,NA,NA,NA,NA,NA
1987,12,23,3,1914,1915,2030,2023,UA,1477,NA,76,68,NA,7,-1,EWR,IAD,213,NA,NA,0,NA,0,NA,NA,NA,NA,NA
1987,12,24,4,1914,1915,2019,2023,UA,1477,NA,65,68,NA,-4,-1,EWR,IAD,213,NA,NA,0,NA,0,NA,NA,NA,NA,NA
1987,12,25,5,1914,1915,2034,2023,UA,1477,NA,80,68,NA,11,-1,EWR,IAD,213,NA,NA,0,NA,0,NA,NA,NA,NA,NA
1987,12,26,6,1912,1915,2020,2023,UA,1477,NA,68,68,NA,-3,-3,EWR,IAD,213,NA,NA,0,NA,0,NA,NA,NA,NA,NA
1987,12,29,2,2000,1915,2116,2023,UA,1477,NA,76,68,NA,53,45,EWR,IAD,213,NA,NA,0,NA,0,NA,NA,NA,NA,NA
1987,12,30,3,1914,1915,2019,2023,UA,1477,NA,65,68,NA,-4,-1,EWR,IAD,213,NA,NA,0,NA,0,NA,NA,NA,NA,NA
1987,12,31,4,1912,1915,2017,2023,UA,1477,NA,65,68,NA,-6,-3,EWR,IAD,213,NA,NA,0,NA,0,NA,NA,NA,NA,NA
1987,12,11,5,1957,1950,2152,2146,UA,1479,NA,115,116,NA,6,7,IAD,JAX,631,NA,NA,0,NA,0,NA,NA,NA,NA,NA
1987,12,13,7,1948,1950,2143,2146,UA,1479,NA,115,116,NA,-3,-2,IAD,JAX,631,NA,NA,0,NA,0,NA,NA,NA,NA,NA
1987,12,14,1,1949,1950,2143,2146,UA,1479,NA,114,116,NA,-3,-1,IAD,JAX,631,NA,NA,0,NA,0,NA,NA,NA,NA,NA
1987,12,15,2,2018,1950,2229,2146,UA,1479,NA,131,116,NA,43,28,IAD,JAX,631,NA,NA,0,NA,0,NA,NA,NA,NA,NA
1987,12,16,3,2003,1950,2152,2146,UA,1479,NA,109,116,NA,6,13,IAD,JAX,631,NA,NA,0,NA,0,NA,NA,NA,NA,NA
1987,12,17,4,1949,1950,2130,2146,UA,1479,NA,101,116,NA,-16,-1,IAD,JAX,631,NA,NA,0,NA,0,NA,NA,NA,NA,NA
1987,12,18,5,1948,1950,2200,2146,UA,1479,NA,132,116,NA,14,-2,IAD,JAX,631,NA,NA,0,NA,0,NA,NA,NA,NA,NA
1987,12,19,6,1948,1950,2139,2146,UA,1479,NA,111,116,NA,-7,-2,IAD,JAX,631,NA,NA,0,NA,0,NA,NA,NA,NA,NA
1987,12,20,7,1951,1950,2151,2146,UA,1479,NA,120,116,NA,5,1,IAD,JAX,631,NA,NA,0,NA,0,NA,NA,NA,NA,NA
1987,12,21,1,1954,1950,2228,2146,UA,1479,NA,154,116,NA,42,4,IAD,JAX,631,NA,NA,0,NA,0,NA,NA,NA,NA,NA
1987,12,22,2,1949,1950,2155,2146,UA,1479,NA,126,116,NA,9,-1,IAD,JAX,631,NA,NA,0,NA,0,NA,NA,NA,NA,NA
1987,12,23,3,1950,1950,2157,2146,UA,1479,NA,127,116,NA,11,0,IAD,JAX,631,NA,NA,0,NA,0,NA,NA,NA,NA,NA
1987,12,24,4,1950,1950,2132,2146,UA,1479,NA,102,116,NA,-14,0,IAD,JAX,631,NA,NA,0,NA,0,NA,NA,NA,NA,NA
1987,12,25,5,1948,1950,2138,2146,UA,1479,NA,110,116,NA,-8,-2,IAD,JAX,631,NA,NA,0,NA,0,NA,NA,NA,NA,NA
1987,12,26,6,1950,1950,2134,2146,UA,1479,NA,104,116,NA,-12,0,IAD,JAX,631,NA,NA,0,NA,0,NA,NA,NA,NA,NA
1987,12,27,7,1951,1950,2141,2146,UA,1479,NA,110,116,NA,-5,1,IAD,JAX,631,NA,NA,0,NA,0,NA,NA,NA,NA,NA
1987,12,28,1,2131,1950,2325,2146,UA,1479,NA,114,116,NA,99,101,IAD,JAX,631,NA,NA,0,NA,0,NA,NA,NA,NA,NA
1987,12,29,2,2008,1950,2155,2146,UA,1479,NA,107,116,NA,9,18,IAD,JAX,631,NA,NA,0,NA,0,NA,NA,NA,NA,NA
1987,12,30,3,1951,1950,2143,2146,UA,1479,NA,112,116,NA,-3,1,IAD,JAX,631,NA,NA,0,NA,0,NA,NA,NA,NA,NA
1987,12,31,4,1950,1950,2150,2146,UA,1479,NA,120,116,NA,4,0,IAD,JAX,631,NA,NA,0,NA,0,NA,NA,NA,NA,NA
1987,12,1,2,702,705,829,821,UA,1480,NA,87,76,NA,8,-3,LAX,SMF,373,NA,NA,0,NA,0,NA,NA,NA,NA,NA
1987,12,2,3,702,705,826,821,UA,1480,NA,84,76,NA,5,-3,LAX,SMF,373,NA,NA,0,NA,0,NA,NA,NA,NA,NA
1987,12,3,4,702,705,825,821,UA,1480,NA,83,76,NA,4,-3,LAX,SMF,373,NA,NA,0,NA,0,NA,NA,NA,NA,NA
1987,12,4,5,702,705,820,821,UA,1480,NA,78,76,NA,-1,-3,LAX,SMF,373,NA,NA,0,NA,0,NA,NA,NA,NA,NA
1987,12,5,6,704,705,834,821,UA,1480,NA,90,76,NA,13,-1,LAX,SMF,373,NA,NA,0,NA,0,NA,NA,NA,NA,NA
1987,12,6,7,703,705,833,821,UA,1480,NA,90,76,NA,12,-2,LAX,SMF,373,NA,NA,0,NA,0,NA,NA,NA,NA,NA
1987,12,7,1,703,705,828,821,UA,1480,NA,85,76,NA,7,-2,LAX,SMF,373,NA,NA,0,NA,0,NA,NA,NA,NA,NA
1987,12,8,2,702,705,828,821,UA,1480,NA,86,76,NA,7,-3,LAX,SMF,373,NA,NA,0,NA,0,NA,NA,NA,NA,NA
1987,12,9,3,701,705,829,821,UA,1480,NA,88,76,NA,8,-4,LAX,SMF,373,NA,NA,0,NA,0,NA,NA,NA,NA,NA
1987,12,10,4,714,705,839,821,UA,1480,NA,85,76,NA,18,9,LAX,SMF,373,NA,NA,0,NA,0,NA,NA,NA,NA,NA
1987,12,11,5,814,705,944,821,UA,1480,NA,90,76,NA,83,69,LAX,SMF,373,NA,NA,0,NA,0,NA,NA,NA,NA,NA
1987,12,12,6,700,705,820,821,UA,1480,NA,80,76,NA,-1,-5,LAX,SMF,373,NA,NA,0,NA,0,NA,NA,NA,NA,NA
1987,12,13,7,702,705,831,821,UA,1480,NA,89,76,NA,10,-3,LAX,SMF,373,NA,NA,0,NA,0,NA,NA,NA,NA,NA
1987,12,14,1,712,705,833,821,UA,1480,NA,81,76,NA,12,7,LAX,SMF,373,NA,NA,0,NA,0,NA,NA,NA,NA,NA
1987,12,15,2,703,705,820,821,UA,1480,NA,77,76,NA,-1,-2,LAX,SMF,373,NA,NA,0,NA,0,NA,NA,NA,NA,NA
1987,12,17,4,702,705,820,821,UA,1480,NA,78,76,NA,-1,-3,LAX,SMF,373,NA,NA,0,NA,0,NA,NA,NA,NA,NA
1987,12,18,5,NA,705,NA,821,UA,1480,NA,NA,76,NA,NA,NA,LAX,SMF,373,NA,NA,1,NA,0,NA,NA,NA,NA,NA
1987,12,19,6,704,705,829,821,UA,1480,NA,85,76,NA,8,-1,LAX,SMF,373,NA,NA,0,NA,0,NA,NA,NA,NA,NA
1987,12,20,7,700,705,NA,821,UA,1480,NA,NA,76,NA,NA,-5,LAX,SMF,373,NA,NA,0,NA,1,NA,NA,NA,NA,NA
1987,12,21,1,704,705,839,821,UA,1480,NA,95,76,NA,18,-1,LAX,SMF,373,NA,NA,0,NA,0,NA,NA,NA,NA,NA
1987,12,22,2,701,705,835,821,UA,1480,NA,94,76,NA,14,-4,LAX,SMF,373,NA,NA,0,NA,0,NA,NA,NA,NA,NA
1987,12,23,3,703,705,825,821,UA,1480,NA,82,76,NA,4,-2,LAX,SMF,373,NA,NA,0,NA,0,NA,NA,NA,NA,NA
1987,12,24,4,704,705,826,821,UA,1480,NA,82,76,NA,5,-1,LAX,SMF,373,NA,NA,0,NA,0,NA,NA,NA,NA,NA
1987,12,25,5,705,705,825,821,UA,1480,NA,80,76,NA,4,0,LAX,SMF,373,NA,NA,0,NA,0,NA,NA,NA,NA,NA
1987,12,26,6,717,705,835,821,UA,1480,NA,78,76,NA,14,12,LAX,SMF,373,NA,NA,0,NA,0,NA,NA,NA,NA,NA
1987,12,27,7,701,705,811,821,UA,1480,NA,70,76,NA,-10,-4,LAX,SMF,373,NA,NA,0,NA,0,NA,NA,NA,NA,NA
1987,12,28,1,702,705,822,821,UA,1480,NA,80,76,NA,1,-3,LAX,SMF,373,NA,NA,0,NA,0,NA,NA,NA,NA,NA
1987,12,29,2,701,705,822,821,UA,1480,NA,81,76,NA,1,-4,LAX,SMF,373,NA,NA,0,NA,0,NA,NA,NA,NA,NA
1987,12,30,3,701,705,837,821,UA,1480,NA,96,76,NA,16,-4,LAX,SMF,373,NA,NA,0,NA,0,NA,NA,NA,NA,NA
1987,12,31,4,703,705,840,821,UA,1480,NA,97,76,NA,19,-2,LAX,SMF,373,NA,NA,0,NA,0,NA,NA,NA,NA,NA
1987,12,1,2,604,605,645,641,UA,1481,NA,41,36,NA,4,-1,SFO,SMF,86,NA,NA,0,NA,0,NA,NA,NA,NA,NA
1987,12,2,3,603,605,641,641,UA,1481,NA,38,36,NA,0,-2,SFO,SMF,86,NA,NA,0,NA,0,NA,NA,NA,NA,NA
1987,12,4,5,604,605,640,641,UA,1481,NA,36,36,NA,-1,-1,SFO,SMF,86,NA,NA,0,NA,0,NA,NA,NA,NA,NA
1987,12,5,6,602,605,634,641,UA,1481,NA,32,36,NA,-7,-3,SFO,SMF,86,NA,NA,0,NA,0,NA,NA,NA,NA,NA
1987,12,6,7,600,605,636,641,UA,1481,NA,36,36,NA,-5,-5,SFO,SMF,86,NA,NA,0,NA,0,NA,NA,NA,NA,NA
1987,12,7,1,602,605,638,641,UA,1481,NA,36,36,NA,-3,-3,SFO,SMF,86,NA,NA,0,NA,0,NA,NA,NA,NA,NA
1987,12,8,2,603,605,648,641,UA,1481,NA,45,36,NA,7,-2,SFO,SMF,86,NA,NA,0,NA,0,NA,NA,NA,NA,NA
1987,12,9,3,601,605,635,641,UA,1481,NA,34,36,NA,-6,-4,SFO,SMF,86,NA,NA,0,NA,0,NA,NA,NA,NA,NA
1987,12,10,4,605,605,641,641,UA,1481,NA,36,36,NA,0,0,SFO,SMF,86,NA,NA,0,NA,0,NA,NA,NA,NA,NA
1987,12,11,5,603,605,639,641,UA,1481,NA,36,36,NA,-2,-2,SFO,SMF,86,NA,NA,0,NA,0,NA,NA,NA,NA,NA
1987,12,12,6,603,605,635,641,UA,1481,NA,32,36,NA,-6,-2,SFO,SMF,86,NA,NA,0,NA,0,NA,NA,NA,NA,NA
1987,12,13,7,603,605,640,641,UA,1481,NA,37,36,NA,-1,-2,SFO,SMF,86,NA,NA,0,NA,0,NA,NA,NA,NA,NA
1987,12,14,1,610,605,645,641,UA,1481,NA,35,36,NA,4,5,SFO,SMF,86,NA,NA,0,NA,0,NA,NA,NA,NA,NA
